-------------------------------------------------------------------------------------
Algorithm of ML used: fcd
Confusion Matrix:
[[0, 0, 0, 0, 0, 0, 0, 0, 0, 0], [0, 19, 0, 2, 0, 0, 0, 0, 0, 0], [0, 5, 0, 3, 0, 0, 0, 0, 0, 0], [0, 1, 0, 12, 11, 0, 0, 0, 0, 0], [0, 0, 0, 1, 8, 0, 0, 0, 0, 0], [0, 0, 0, 0, 0, 0, 0, 0, 0, 0], [0, 0, 0, 0, 0, 0, 0, 0, 0, 0], [0, 0, 0, 0, 0, 0, 0, 0, 0, 0], [0, 0, 0, 0, 0, 0, 0, 0, 0, 0], [0, 0, 0, 1, 4, 0, 0, 0, 0, 0]]
Overall Accuracy: 0.582089552238806
Producer's Accuracy: [[0], [0.9047619047619048], [0], [0.5], [0.8888888888888888], [0], [0], [0], [0], [0]]
User's Accuracy: [[0, 0.76, 0, 0.631578947368421, 0.34782608695652173, 0, 0, 0, 0, 0]]
Kappa: 0.4316873674644047
-------------------------------------------------------------------------------------
-------------------------------------------------------------------------------------
Algorithm of ML used: rf
Confusion Matrix:
[[0, 0, 0, 0, 0, 0, 0, 0, 0, 0], [0, 18, 3, 0, 0, 0, 0, 0, 0, 0], [0, 0, 8, 0, 0, 0, 0, 0, 0, 0], [0, 0, 1, 21, 2, 0, 0, 0, 0, 0], [0, 0, 0, 2, 2, 0, 0, 0, 0, 5], [0, 0, 0, 0, 0, 0, 0, 0, 0, 0], [0, 0, 0, 0, 0, 0, 0, 0, 0, 0], [0, 0, 0, 0, 0, 0, 0, 0, 0, 0], [0, 0, 0, 0, 0, 0, 0, 0, 0, 0], [0, 0, 0, 2, 0, 0, 0, 0, 0, 3]]
Overall Accuracy: 0.7761194029850746
Producer's Accuracy: [[0], [0.8571428571428571], [1], [0.875], [0.2222222222222222], [0], [0], [0], [0], [0.6]]
User's Accuracy: [[0, 1, 0.6666666666666666, 0.84, 0.5, 0, 0, 0, 0, 0.375]]
Kappa: 0.6990116801437557
-------------------------------------------------------------------------------------
-------------------------------------------------------------------------------------
Algorithm of ML used: svm
Confusion Matrix:
[[0, 0, 0, 0, 0, 0, 0, 0, 0, 0], [0, 18, 2, 1, 0, 0, 0, 0, 0, 0], [0, 1, 7, 0, 0, 0, 0, 0, 0, 0], [0, 0, 0, 21, 2, 0, 0, 0, 0, 1], [0, 0, 0, 2, 3, 0, 0, 0, 0, 4], [0, 0, 0, 0, 0, 0, 0, 0, 0, 0], [0, 0, 0, 0, 0, 0, 0, 0, 0, 0], [0, 0, 0, 0, 0, 0, 0, 0, 0, 0], [0, 0, 0, 0, 0, 0, 0, 0, 0, 0], [0, 0, 0, 0, 1, 0, 0, 0, 0, 4]]
Overall Accuracy: 0.7910447761194029
Producer's Accuracy: [[0], [0.8571428571428571], [0.875], [0.875], [0.3333333333333333], [0], [0], [0], [0], [0.8]]
User's Accuracy: [[0, 0.9473684210526315, 0.7777777777777778, 0.875, 0.5, 0, 0, 0, 0, 0.4444444444444444]]
Kappa: 0.719413700269219
-------------------------------------------------------------------------------------
-------------------------------------------------------------------------------------
Algorithm of ML used: gbm
Confusion Matrix:
[[0, 0, 0, 0, 0, 0, 0, 0, 0, 0], [0, 18, 3, 0, 0, 0, 0, 0, 0, 0], [0, 0, 8, 0, 0, 0, 0, 0, 0, 0], [0, 0, 1, 23, 0, 0, 0, 0, 0, 0], [0, 0, 0, 2, 2, 0, 0, 0, 0, 5], [0, 0, 0, 0, 0, 0, 0, 0, 0, 0], [0, 0, 0, 0, 0, 0, 0, 0, 0, 0], [0, 0, 0, 0, 0, 0, 0, 0, 0, 0], [0, 0, 0, 0, 0, 0, 0, 0, 0, 0], [0, 0, 0, 2, 1, 0, 0, 0, 0, 2]]
Overall Accuracy: 0.7910447761194029
Producer's Accuracy: [[0], [0.8571428571428571], [1], [0.9583333333333334], [0.2222222222222222], [0], [0], [0], [0], [0.4]]
User's Accuracy: [[0, 1, 0.6666666666666666, 0.8518518518518519, 0.6666666666666666, 0, 0, 0, 0, 0.2857142857142857]]
Kappa: 0.7161875945537063
-------------------------------------------------------------------------------------
-------------------------------------------------------------------------------------
Algorithm of ML used: cart
Confusion Matrix:
[[0, 0, 0, 0, 0, 0, 0, 0, 0, 0], [0, 16, 5, 0, 0, 0, 0, 0, 0, 0], [0, 0, 7, 1, 0, 0, 0, 0, 0, 0], [0, 0, 1, 20, 3, 0, 0, 0, 0, 0], [0, 0, 0, 2, 1, 0, 0, 0, 0, 6], [0, 0, 0, 0, 0, 0, 0, 0, 0, 0], [0, 0, 0, 0, 0, 0, 0, 0, 0, 0], [0, 0, 0, 0, 0, 0, 0, 0, 0, 0], [0, 0, 0, 0, 0, 0, 0, 0, 0, 0], [0, 0, 0, 1, 3, 0, 0, 0, 0, 1]]
Overall Accuracy: 0.6716417910447762
Producer's Accuracy: [[0], [0.7619047619047619], [0.875], [0.8333333333333334], [0.1111111111111111], [0], [0], [0], [0], [0.2]]
User's Accuracy: [[0, 1, 0.5384615384615384, 0.8333333333333334, 0.14285714285714285, 0, 0, 0, 0, 0.14285714285714285]]
Kappa: 0.5632592592592593
-------------------------------------------------------------------------------------
-------------------------------------------------------------------------------------
Algorithm of ML used: fcd
Confusion Matrix:
[[0, 0, 0, 0, 0, 0, 0, 0, 0, 0], [0, 19, 0, 2, 0, 0, 0, 0, 0, 0], [0, 5, 0, 3, 0, 0, 0, 0, 0, 0], [0, 1, 0, 12, 11, 0, 0, 0, 0, 0], [0, 0, 0, 1, 8, 0, 0, 0, 0, 0], [0, 0, 0, 0, 0, 0, 0, 0, 0, 0], [0, 0, 0, 0, 0, 0, 0, 0, 0, 0], [0, 0, 0, 0, 0, 0, 0, 0, 0, 0], [0, 0, 0, 0, 0, 0, 0, 0, 0, 0], [0, 0, 0, 1, 4, 0, 0, 0, 0, 0]]
Overall Accuracy: 0.582089552238806
Producer's Accuracy: [[0], [0.9047619047619048], [0], [0.5], [0.8888888888888888], [0], [0], [0], [0], [0]]
User's Accuracy: [[0, 0.76, 0, 0.631578947368421, 0.34782608695652173, 0, 0, 0, 0, 0]]
Kappa: 0.4316873674644047
-------------------------------------------------------------------------------------
-------------------------------------------------------------------------------------
Algorithm of ML used: rf
Confusion Matrix:
[[0, 0, 0, 0, 0, 0, 0, 0, 0, 0], [0, 18, 3, 0, 0, 0, 0, 0, 0, 0], [0, 0, 8, 0, 0, 0, 0, 0, 0, 0], [0, 0, 1, 21, 2, 0, 0, 0, 0, 0], [0, 0, 0, 2, 2, 0, 0, 0, 0, 5], [0, 0, 0, 0, 0, 0, 0, 0, 0, 0], [0, 0, 0, 0, 0, 0, 0, 0, 0, 0], [0, 0, 0, 0, 0, 0, 0, 0, 0, 0], [0, 0, 0, 0, 0, 0, 0, 0, 0, 0], [0, 0, 0, 2, 0, 0, 0, 0, 0, 3]]
Overall Accuracy: 0.7761194029850746
Producer's Accuracy: [[0], [0.8571428571428571], [1], [0.875], [0.2222222222222222], [0], [0], [0], [0], [0.6]]
User's Accuracy: [[0, 1, 0.6666666666666666, 0.84, 0.5, 0, 0, 0, 0, 0.375]]
Kappa: 0.6990116801437557
-------------------------------------------------------------------------------------
-------------------------------------------------------------------------------------
Algorithm of ML used: svm
Confusion Matrix:
[[0, 0, 0, 0, 0, 0, 0, 0, 0, 0], [0, 18, 2, 1, 0, 0, 0, 0, 0, 0], [0, 1, 7, 0, 0, 0, 0, 0, 0, 0], [0, 0, 0, 21, 2, 0, 0, 0, 0, 1], [0, 0, 0, 2, 3, 0, 0, 0, 0, 4], [0, 0, 0, 0, 0, 0, 0, 0, 0, 0], [0, 0, 0, 0, 0, 0, 0, 0, 0, 0], [0, 0, 0, 0, 0, 0, 0, 0, 0, 0], [0, 0, 0, 0, 0, 0, 0, 0, 0, 0], [0, 0, 0, 0, 1, 0, 0, 0, 0, 4]]
Overall Accuracy: 0.7910447761194029
Producer's Accuracy: [[0], [0.8571428571428571], [0.875], [0.875], [0.3333333333333333], [0], [0], [0], [0], [0.8]]
User's Accuracy: [[0, 0.9473684210526315, 0.7777777777777778, 0.875, 0.5, 0, 0, 0, 0, 0.4444444444444444]]
Kappa: 0.719413700269219
-------------------------------------------------------------------------------------
-------------------------------------------------------------------------------------
Algorithm of ML used: gbm
Confusion Matrix:
[[0, 0, 0, 0, 0, 0, 0, 0, 0, 0], [0, 18, 3, 0, 0, 0, 0, 0, 0, 0], [0, 0, 8, 0, 0, 0, 0, 0, 0, 0], [0, 0, 1, 23, 0, 0, 0, 0, 0, 0], [0, 0, 0, 2, 3, 0, 0, 0, 0, 4], [0, 0, 0, 0, 0, 0, 0, 0, 0, 0], [0, 0, 0, 0, 0, 0, 0, 0, 0, 0], [0, 0, 0, 0, 0, 0, 0, 0, 0, 0], [0, 0, 0, 0, 0, 0, 0, 0, 0, 0], [0, 0, 0, 2, 1, 0, 0, 0, 0, 2]]
Overall Accuracy: 0.8059701492537313
Producer's Accuracy: [[0], [0.8571428571428571], [1], [0.9583333333333334], [0.3333333333333333], [0], [0], [0], [0], [0.4]]
User's Accuracy: [[0, 1, 0.6666666666666666, 0.8518518518518519, 0.75, 0, 0, 0, 0, 0.3333333333333333]]
Kappa: 0.7361405634656163
-------------------------------------------------------------------------------------
-------------------------------------------------------------------------------------
Algorithm of ML used: cart
Confusion Matrix:
[[0, 0, 0, 0, 0, 0, 0, 0, 0, 0], [0, 16, 5, 0, 0, 0, 0, 0, 0, 0], [0, 0, 7, 1, 0, 0, 0, 0, 0, 0], [0, 0, 1, 20, 3, 0, 0, 0, 0, 0], [0, 0, 0, 2, 1, 0, 0, 0, 0, 6], [0, 0, 0, 0, 0, 0, 0, 0, 0, 0], [0, 0, 0, 0, 0, 0, 0, 0, 0, 0], [0, 0, 0, 0, 0, 0, 0, 0, 0, 0], [0, 0, 0, 0, 0, 0, 0, 0, 0, 0], [0, 0, 0, 1, 3, 0, 0, 0, 0, 1]]
Overall Accuracy: 0.6716417910447762
Producer's Accuracy: [[0], [0.7619047619047619], [0.875], [0.8333333333333334], [0.1111111111111111], [0], [0], [0], [0], [0.2]]
User's Accuracy: [[0, 1, 0.5384615384615384, 0.8333333333333334, 0.14285714285714285, 0, 0, 0, 0, 0.14285714285714285]]
Kappa: 0.5632592592592593
-------------------------------------------------------------------------------------
